16 3 57
g
0 38 540 10 
0 0 4 0
g
580 42 22 10 
4 0 4 0
g
644 42 22 10 
5 0 5 0
g
708 42 22 10 
5 0 5 0
g
772 42 22 10 
6 0 6 0
g
800 73 32 10 
6 0 6 0
g
836 104 128 10 
6 1 7 1
g
1026 42 66 10 
8 0 8 0
g
1125 38 280 10 
8 0 10 0
g
1409 78 30 10 
11 0 11 0
g
1440 106 30 10 
11 1 11 1
g
1470 136 65 10 
11 1 11 1
g
1603 44 18 10 
12 0 12 0
g
1665 44 18 10 
13 0 13 0
g
1729 44 18 10 
13 0 13 0
g
1800 38 255 10 
14 0 16 0
g
1213 106 34 10 
9 1 9 1
g
1280 106 96 10 
10 1 10 1
w
0 160 35 160 0 
0 1 0 0
w
800 61 32 32 0 
6 0 6 0
w
832 91 32 32 0 
6 1 6 0
w
1410 61 32 32 0 
11 0 11 0
w
1442 91 32 32 0 
11 1 11 0
w
1474 128 32 32 0 
11 1 11 1
w
2000 170 20 170 0 
15 1 15 0
h
1 330 80 1 
2 1 2 0
h
1 430 80 1 
3 1 3 0
h
1 567 80 2 
4 1 4 0
h
1 631 104 3 
4 1 5 1
h
1 758 121 4 
5 1 6 1
h
1 1146 80 5 
8 1 9 0
h
1 884 152 2 
6 1 6 1
h
1 1174 152 6 
9 1 9 1
h
1 1321 152 2 
10 1 10 1
h
1 1655 80 8 
12 1 13 0
h
1 1850 80 7 
14 1 14 0
e
1 255 57 
1 0 2 0
e
1 302 57 
2 0 2 0
e
1 349 57 
2 0 2 0
e
1 445 57 
3 0 3 0
e
1 1292 120 
10 1 10 1
e
1 1452 120 
11 1 11 1
e
1 1484 140 
11 1 11 1
e
1 1883 57 
14 0 14 0
e
1 1963 57 
15 0 15 0
e
2 1373 57 
10 0 10 0
e
3 234 46 1 
1 0 1 0
e
3 912 118 0 
6 1 7 1
e
3 945 118 1 
7 1 7 1
e
3 1281 46 0 
9 0 10 0
e
4 560 140 0 
4 1 4 1
e
4 720 140 0 
5 1 5 1
e
4 1060 130 1 
8 1 8 1
e
4 1570 125 1 
12 1 12 1
e
4 1730 140 0 
13 1 13 1
e
5 820 100 
6 1 6 0
e
5 1230 119 
9 1 9 1