g 0 38 540 10
g 580 42 22 10
g 644 42 22 10
g 708 42 22 10
g 772 42 22 10
g 800 73 32 10
g 836 104 128 10
g 1026 42 66 10
g 1125 38 280 10
g 1409 78 30 10
g 1440 106 30 10
g 1470 136 65 10
g 1603 44 18 10
g 1665 44 18 10
g 1729 44 18 10
g 1800 38 255 10
g 1213 106 34 10
g 1280 106 96 10
w 0 160 35 160 0
w 800 61 32 32 0
w 832 91 32 32 0
w 1410 61 32 32 0
w 1442 91 32 32 0
w 1474 128 32 32 0
w 2000 170 20 170 0
h 1 330 80 1
h 1 430 80 1
h 1 567 80 2
h 1 631 104 3
h 1 758 121 4
h 1 1146 80 5
h 1 884 152 2
h 1 1174 152 6
h 1 1321 152 2
h 1 1655 80 8
h 1 1850 80 7
e 1 255 57
e 1 302 57
e 1 349 57
e 1 445 57
e 1 1292 120
e 1 1452 120
e 1 1484 140
e 1 1883 57
e 1 1963 57
e 2 1373 57
e 3 234 46 1
e 3 912 118 0
e 3 945 118 1
e 3 1281 46 0
e 4 560 140 0
e 4 720 140 0
e 4 1060 130 1
e 4 1570 125 1
e 4 1730 140 0
e 5 820 100
e 5 1230 119