g 0 40 258 10
g 258 72 162 10
g 418 104 162 10
g 578 136 156 10
g 800 40 30 10
g 865 73 30 10
g 929 104 28 10
g 962 40 128 10
g 1058 104 31 10
g 1090 136 93 10
g 1153 40 93 10
g 1216 136 93 10
g 1280 73 66 10
g 1374 41 66 10
g 1473 73 66 10
g 1312 104 292 10
g 1565 41 124 10
g 1600 136 157 10
g 1825 41 28 10
g 1857 104 31 10
g 1890 140 63 10
g 1986 73 28 10
g 2052 73 95 10
g 2145 104 93 10
g 2242 41 96 10
g 2338 73 62 10
g 2400 41 98 10
g 2500 73 90 10
g 2594 41 65 10
g 2658 73 67 10
g 2721 104 158 10
g 2945 41 110 10
w 0 160 20 160 0
w 257 67 15 42 0
w 418 90 15 42 0
w 579 130 15 42 0
w 705 130 30 133 1
w 800 30 30 30 1
w 865 65 30 68 1
w 929 100 10 100 1
w 950 100 10 65 1
w 1093 132 10 83 2
w 1300 132 13 6 0 
w 1602 132 30 32 0
w 1730 132 30 52 1
w 1826 36 30 36 1
w 1893 132 58 100 2
w 1985 63 30 68 1
w 2050 63 30 68 1
w 2146 95 30 30 0
w 2202 95 36 70 1
w 2336 65 63 68 0
w 2498 65 94 42 0
w 2658 65 30 42 0
w 2722 100 15 42 0
w 2865 100 15 100 1
w 2945 40 30 36 1
w 3050 176 22 176 2
h 2 355 111 1
h 2 450 140 2
h 2 700 160 7
h 2 1010 143 9
h 2 1155 78 2
h 2 1395 143 5
h 2 1505 143 1
h 2 1682 95 6
h 2 1827 80 7
h 2 2080 125 5
h 2 2195 140 1
h 2 2370 110 2
h 2 2500 110 7
h 2 2625 125 9
h 2 2835 143 2
e 1 305 90
e 1 400 90
e 1 880 90
e 1 1170 60
e 1 1233 60
e 1 1905 150
e 1 2975 60
e 3 2740 113 1
e 4 910 170 0
e 4 1425 155 0
e 4 1450 175 1
e 4 2405 155 0
e 4 2675 155 0
e 4 2995 155 0
e 5 1075 55
e 5 1170 150
e 6 527 115
e 6 655 150
e 6 1490 85
e 6 2095 85
e 6 2290 55
e 6 2480 55
e 6 2688 85
e 7 1580 120 0
e 7 1620 155 1
e 7 1665 155 0