20 2 97
g
0 40 258 10 
0 0 1 0
g
258 72 162 10 
1 0 2 0
g
418 104 162 10 
2 1 3 1
g
578 136 156 10 
3 1 4 1
g
800 40 30 10 
5 0 5 0
g
865 73 30 10 
5 0 5 0
g
929 104 28 10 
5 1 6 1
g
962 40 128 10 
6 0 6 0
g
1058 104 31 10 
6 1 6 1
g
1090 136 93 10 
6 1 7 1
g
1153 40 93 10 
7 0 7 0
g
1216 136 93 10 
7 1 8 1
g
1282 73 62 10 
8 0 8 0
g
1376 41 62 10 
8 0 9 0
g
1473 73 62 10 
9 0 9 0
g
1312 104 292 10 
8 1 10 1
g
1565 41 124 10 
10 0 10 0
g
1600 136 157 10 
10 1 11 1
g
1825 41 28 10 
11 0 11 0
g
1857 104 31 10 
11 1 12 1
g
1890 140 63 10 
12 1 12 1
g
1986 73 28 10 
12 0 12 0
g
2052 73 95 10 
13 0 13 0
g
2145 104 93 10 
13 1 14 1
g
2242 41 96 10 
14 0 14 0
g
2338 73 62 10 
14 0 15 0
g
2400 41 98 10 
15 0 16 0
g
2500 73 90 10 
16 0 16 0
g
2594 41 65 10 
16 0 17 0
g
2658 73 67 10 
17 0 17 0
g
2721 104 158 10 
17 1 18 1
g
2945 41 110 10 
18 0 19 0
w
0 160 20 160 0 
0 1 0 0
w
257 67 15 42 0 
1 0 1 0
w
418 90 15 42 0 
2 1 2 0
w
579 130 15 42 0 
3 1 3 1
w
705 130 30 133 1 
4 1 4 0
w
800 36 30 36 1 
5 0 5 0
w
865 65 30 68 1 
5 0 5 0
w
929 100 30 100 1 
5 1 6 0
w
1093 132 10 83 1 
7 1 7 0
w
1300 132 13 6 0 
8 1 8 1
w
1602 132 30 32 0 
10 1 10 1
w
1730 132 30 52 1 
11 1 11 0
w
1826 36 30 36 1 
11 0 11 0
w
1893 132 58 100 1 
12 1 12 0
w
1985 63 30 68 1 
12 0 12 0
w
2050 63 30 68 1 
13 0 13 0
w
2146 95 30 30 0 
13 1 13 0
w
2202 95 36 100 1 
14 1 14 0
w
2336 65 63 68 0 
14 0 15 0
w
2498 65 94 42 0 
16 0 16 0
w
2658 65 30 42 0 
17 0 17 0
w
2722 100 15 42 0 
17 1 17 0
w
2865 100 15 100 1 
18 1 18 0
w
2945 40 30 36 1 
18 0 19 0
h
2 355 111 1 
2 1 2 1
h
2 450 140 2 
2 1 2 1
h
2 700 160 7 
4 1 4 1
h
2 1010 143 9 
6 1 6 1
h
2 1155 78 2 
7 1 7 0
h
2 1395 143 5 
8 1 9 1
h
2 1505 143 1 
9 1 9 1
h
2 1682 95 6 
10 1 10 0
h
2 1827 80 7 
11 1 11 0
h
2 2080 125 5 
13 1 13 1
h
2 2195 140 1 
14 1 14 1
h
2 2370 110 2 
15 1 15 1
h
2 2500 110 7 
15 1 16 1
h
2 2625 125 9 
16 1 16 1
h
2 2835 143 2 
18 1 18 1
e
1 305 90 
1 1 2 0
e
1 400 90 
2 1 2 0
e
1 880 90 
5 1 5 0
e
1 1170 60 
7 0 7 0
e
1 1233 60 
7 0 7 0
e
1 1905 150 
12 1 12 1
e
1 2975 60 
18 0 19 0
e
3 2740 113 
17 1 17 1
e
4 910 155 
5 1 5 1
e
4 1427 155 
9 1 9 1
e
4 1450 155 
9 1 9 1
e
4 2405 155 
15 1 15 1
e
4 2675 155 
17 1 17 1
e
4 2995 155 
19 1 19 1
e
5 1075 55 
6 0 6 0
e
5 1170 150 
7 1 7 1
e
6 527 115 
3 1 3 1
e
6 655 150 
4 1 4 1
e
6 1490 85 
9 1 9 0
e
6 2095 85 
13 1 13 0
e
6 2290 55 
14 0 14 0
e
6 2480 55 
15 0 15 0
e
6 2688 85 
17 1 17 0
e
7 1580 120 
10 1 10 1
e
7 1620 155 
10 1 10 1
e
7 1665 155 
10 1 10 1