14 2 53
g
0 38 540 10 
0 0 3 0
g
580 42 22 10 
3 0 3 0
g
644 42 22 10 
4 0 4 0
g
708 42 22 10 
4 0 4 0
g
772 42 22 10 
4 0 5 0
g
800 73 32 10 
5 0 5 0
g
836 104 128 10 
5 1 6 1
g
1026 44 66 10 
6 0 7 0
g
1125 38 280 10 
7 0 9 0
g
1409 74 30 10 
9 0 9 0
g
1440 104 30 10 
9 1 9 1
g
1470 136 65 10 
9 1 9 1
g
1603 44 18 10 
10 0 10 0
g
1665 44 18 10 
10 0 10 0
g
1729 44 18 10 
11 0 11 0
g
1800 38 255 10 
11 0 13 0
g
1213 104 34 10 
7 1 7 1
g
1280 104 96 10 
8 1 8 1
w
0 170 35 170 0 
0 1 0 0
w
800 61 32 32 0 
5 0 5 0
w
832 91 32 32 0 
5 1 5 0
w
1410 61 32 32 0 
9 0 9 0
w
1442 91 32 32 0 
9 1 9 0
w
1474 128 32 32 0 
9 1 9 1
w
2000 170 20 170 0 
12 1 12 0
h
1 330 80 1 
2 1 2 0
h
1 430 80 1 
2 1 2 0
h
1 567 80 2 
3 1 3 0
h
1 631 104 3 
3 1 4 1
h
1 758 121 4 
4 1 4 1
h
1 1146 80 5 
7 1 7 0
h
1 884 152 2 
5 1 5 1
h
1 1174 152 6 
7 1 7 1
h
1 1321 152 2 
8 1 8 1
h
1 1655 80 8 
10 1 10 0
h
1 1850 80 7 
11 1 11 0
e
1 255 57 
1 0 1 0
e
1 302 57 
1 0 2 0
e
1 349 57 
2 0 2 0
e
1 445 57 
2 0 2 0
e
1 1292 120 
8 1 8 1
e
1 1452 120 
9 1 9 1
e
1 1484 155 
9 1 9 1
e
1 1883 57 
11 0 12 0
e
1 1963 57 
12 0 12 0
e
2 1373 57 
8 0 8 0
e
3 234 46 
1 0 1 0
e
3 1281 46 
8 0 8 0
e
4 557 138 
3 1 3 1
e
4 1054 138 
6 1 6 1
e
4 1571 126 
9 1 10 1
e
5 820 100 
5 1 5 0
e
5 1230 119 
7 1 7 1