g 0 38 540 10
g 580 44 22 10
g 644 44 22 10
g 708 44 22 10
g 772 44 22 10
g 804 78 22 10
g 836 108 128 10
g 1026 44 66 10
g 1125 38 280 10
g 1409 78 30 10
g 1444 108 30 10
g 1474 140 65 10
g 1603 44 18 10
g 1665 44 18 10
g 1729 44 18 10
g 1800 38 255 10
g 1280 108 96 10
g 1216 108 22 10
w 0 170 35 170 0
w 800 61 32 32 0
w 832 91 32 32 0
w 1410 61 32 32 0
w 1442 91 32 32 0
w 1474 128 32 32 0
w 2000 170 20 170 0
h 1 330 80 1
h 1 430 80 1
h 1 567 80 2
h 1 631 104 3
h 1 758 121 4
h 1 1146 80 5
h 1 884 152 2
h 1 1174 152 6
h 1 1321 152 2
h 1 1655 80 8
h 1 1850 80 7
e 1 255 57
e 1 302 57
e 1 349 57
e 1 445 57
e 1 1292 119
e 1 1452 119
e 1 1484 155
e 1 1883 57
e 1 1963 57
e 2 1373 57
e 3 234 46
e 3 1281 46
e 4 557 142
e 4 1054 138
e 4 1571 126
e 5 809 88
e 5 1225 119