w 0 41 258 10
w 257 73 163 10
w 419 104 160 10
w 578 136 156 10
w 799 41 28 10
w 865 73 28 10
w 929 104 28 10
w 962 41 128 10
g 1057 73 31 10
g 1092 136 91 10
g 1153 41 96 10
g 1216 136 93 10
g 1284 73 61 10
g 1376 41 61 10
g 1473 73 61 10
g 1313 104 292 10
g 1571 41 124 10
g 1600 136 157 10
g 1825 41 28 10
g 1857 73 31 10
g 1889 136 63 10
g 1986 73 28 10
g 2052 104 95 10
g 2145 136 93 10
g 2242 41 96 10
g 2338 73 62 10
g 2400 41 98 10
g 2500 73 90 10
g 2594 41 65 10
g 2658 73 67 10
g 2721 104 158 10
g 2945 41 110 10
w 256 79 15 42
w 418 121 15 42
w 579 163 15 42
w 1090 79 15 103
w 1297 163 15 42
w 1602 163 15 42
w 1889 79 15 111
w 2146 121 15 42
w 2338 79 15 42
w 2223 79 15 77
w 2386 79 15 42
w 2497 79 15 42
w 2577 79 15 42
w 2659 79 15 42
w 2722 121 15 42
w 2865 79 15 70
h 2 348 121 1
h 2 443 155 2
h 2 697 168 7
h 2 1003 153 9
h 2 1150 89 2
h 2 1387 155 5
h 2 1499 155 1
h 2 1677 103 10
h 2 1820 89 7
h 2 2073 137 5
h 2 2185 155 1
h 2 2364 121 2
h 2 2490 121 7
h 2 2619 137 9
h 2 2826 155 2
e 1 278 88
e 1 372 88
e 1 856 88
e 1 1142 54
e 1 1205 54
e 1 1879 153
e 1 2952 54
e 3 2713 103
e 4 904 165
e 4 1410 159
e 4 1425 165
e 4 2390 159
e 4 2665 159
e 4 2985 159
e 5 1047 54
e 5 1142 153
e 6 512 123
e 6 640 155
e 6 1474 91
e 6 2081 91
e 6 2276 61
e 6 2464 61
e 6 2672 91
e 7 1574 120
e 7 1610 152
e 7 1652 152