207 128 11
0 1 1 2 1 1 1 2 3 2 3 1 1 1 1 1 1 1 1 1 1 1 1 1 1 1 1 1 1 1 1 1 1 1 1 1 1 1 1 1 1 1 1 1 1 2 3 2 3 1 1 1 1 1 1 1 1 1 1 1 1 2 1 1 1 1 1 2 1 1 1 1 1 1 1 1 1 1 1 1 1 1 1 1 1 1 1 1 1 1 1 1 4 5 1 1 1 1 1 1 1 1 1 1 1 1 1 1 1 1 1 1 1 1 1 1 1 1 1 1 1 1 1 1 1 1 1 1
6 0 1 7 8 9 1 10 11 7 11 1 1 1 1 1 1 12 13 14 1 1 1 1 1 1 1 1 1 12 13 14 1 1 15 16 1 12 13 14 1 1 1 1 17 18 11 7 11 1 1 12 13 14 1 19 20 12 13 14 1 7 8 9 2 9 1 10 8 9 1 1 1 21 22 12 13 14 1 1 1 1 21 23 13 14 1 1 1 1 1 1 24 25 1 1 1 1 1 1 1 1 1 1 1 1 12 26 27 1 1 12 13 14 1 1 28 29 12 14 1 1 1 1 1 12 13 14
6 30 1 31 32 33 34 35 34 35 34 1 1 1 1 1 1 36 36 37 36 1 38 39 36 37 38 39 1 1 1 1 1 1 40 41 1 1 1 1 1 1 1 1 42 43 34 35 34 1 1 1 1 1 1 44 45 1 1 1 1 31 32 33 32 46 47 35 32 33 34 1 1 48 49 50 51 1 1 1 4 5 48 49 1 1 1 1 1 1 52 53 54 55 56 57 1 58 59 1 1 36 36 37 38 39 36 60 61 36 36 1 36 37 38 39 62 63 1 1 1 1 1 1 1 1 1 1
64 65 1 35 66 67 68 35 68 35 68 1 12 14 1 1 38 69 70 70 70 71 69 72 70 70 69 72 39 1 1 1 1 1 12 14 1 1 1 1 1 1 1 1 1 35 68 73 74 1 1 1 1 1 1 1 75 76 77 78 79 35 66 67 66 80 81 35 66 67 68 1 12 14 1 82 83 1 1 1 24 25 1 1 1 1 12 14 1 1 84 85 86 87 87 88 1 89 90 14 38 69 70 70 69 72 70 39 38 69 70 71 70 70 69 72 39 1 1 12 13 14 1 1 1 1 1 1
91 65 1 35 92 66 93 35 93 35 93 1 1 1 1 94 95 96 95 96 95 96 96 97 95 96 96 97 95 98 1 1 1 1 1 36 36 37 38 99 20 37 1 1 1 35 93 100 101 1 102 103 104 56 56 56 105 106 56 107 108 35 92 66 92 66 93 35 92 66 93 1 1 1 1 109 110 57 1 1 54 55 56 56 56 57 1 1 1 1 111 112 86 87 87 88 1 1 1 94 95 96 95 96 96 97 95 96 96 97 95 96 95 96 96 97 95 98 1 1 1 36 36 37 1 37 38 39
91 113 114 115 116 117 118 117 118 117 119 120 114 115 115 121 122 121 122 121 123 124 116 122 122 121 125 126 122 121 119 115 119 120 94 127 128 95 96 129 130 95 98 1 114 115 118 117 119 120 131 132 86 87 87 87 87 87 87 88 114 115 116 117 116 117 118 117 116 117 119 133 134 115 119 120 86 88 1 1 86 87 87 87 87 88 1 1 1 1 86 88 86 87 87 88 114 115 115 121 122 121 122 135 136 122 122 121 116 122 122 121 122 121 116 123 126 121 119 120 94 96 95 95 137 95 96 96
138 139 140 141 141 141 141 141 141 141 141 141 141 141 141 142 143 141 142 143 144 145 146 141 141 141 144 147 148 141 141 141 141 141 141 144 149 141 141 150 141 141 141 141 141 141 141 141 141 141 151 152 86 87 87 87 87 87 87 88 141 141 141 141 141 141 141 141 141 141 141 153 154 141 141 141 155 156 141 141 86 87 87 87 87 157 158 141 104 57 155 156 86 87 87 88 141 141 141 141 141 141 141 144 149 141 141 141 141 141 141 141 141 141 141 144 149 159 146 141 141 141 142 143 141 141 141 141
160 161 162 163 163 163 163 163 163 163 163 163 163 163 164 165 166 163 167 166 163 168 169 163 163 163 163 170 171 163 163 163 163 163 163 163 163 163 172 173 163 163 163 163 163 163 163 163 163 163 86 88 86 87 87 87 87 87 87 88 163 163 163 163 163 163 163 163 163 163 163 163 163 163 163 163 86 88 163 174 175 87 87 87 87 176 177 163 86 88 86 88 86 87 87 88 163 163 163 163 163 163 163 163 163 163 163 163 163 163 163 163 163 163 163 163 163 168 169 163 163 163 167 166 163 163 163 163
178 179 180 181 181 181 181 181 181 181 181 181 181 181 182 183 184 181 185 184 181 186 187 181 181 181 181 188 189 181 181 181 181 190 163 163 104 57 163 163 104 57 163 163 104 57 163 163 104 57 155 156 86 87 87 87 87 87 87 88 163 163 163 163 104 56 56 57 163 163 191 181 181 181 181 181 181 181 181 192 193 181 181 181 181 194 195 190 155 156 155 156 86 87 87 88 163 163 163 163 196 163 163 163 196 163 163 163 196 163 163 163 191 181 181 181 181 186 187 181 181 181 185 184 181 181 181 181
197 197 198 198 198 198 198 198 198 198 198 198 198 198 198 198 198 198 198 198 198 198 198 198 198 198 198 198 198 198 198 198 198 199 163 163 200 201 163 163 200 201 163 163 200 201 163 163 200 201 200 201 200 202 202 202 202 202 202 201 163 163 163 163 200 202 200 201 163 163 203 198 198 198 198 198 198 198 198 198 198 198 198 198 198 198 198 199 200 201 200 201 200 202 202 201 163 163 163 163 204 163 163 163 204 163 163 163 204 163 163 163 203 198 198 198 198 198 198 198 198 198 198 198 198 198 198 198
205 205 205 205 205 205 205 205 205 205 205 205 205 205 205 205 205 205 205 205 205 205 205 205 205 205 205 205 205 205 205 205 205 205 163 163 163 163 163 163 163 163 163 163 163 163 163 163 163 163 163 163 163 163 163 163 163 163 163 163 163 163 163 163 163 163 163 163 163 163 206 205 205 205 205 205 205 205 205 205 205 205 205 205 205 205 205 205 163 163 163 163 163 163 163 163 163 163 163 163 163 163 163 163 163 163 163 163 163 163 163 163 206 205 205 205 205 205 205 205 205 205 205 205 205 205 205 205
